0000000000000000000000000000002
0000000000000000000000000000002
0000000000000000000000000000002
0000000000000000000000000000002
0000000000000000000000000000002
0000000000000000000000000000002
0000000000000000000000000000002
0000000000000000000000000000002
0000000000000000000000000000002
0000000000000000000000000000002
0000000000000000000000000000002
0000000000000000000000000000002
0000000000000000000000000000002
000000000000000000000000000%002
1111111111111111111111111111112
2222222222222222222222222222222
2222222222222222222222222222222
2222222222222222222222222222222